# M2 -> M3 entry-side boundary condition. 25 C, 0.1 M LiOD, isotherm F90=1e4 atm.
# columns: surface_class  i(A/cm2)  ip/i  f_in(atm)  x_in
# ip = F*J_perm is the permeation (absorption) flux expressed as current density.
# Use: M3 computes J_perm(x_in) from diffusion + exit-face kinetics and iterates with this table.
# Standalone function: sim/m2_loading.py: f_in_with_drain(Kinetics(**SURFACES[c]), i, ip)
poor           0.005  0.00        5.65 0.7174
poor           0.005  0.01         5.6 0.7172
poor           0.005  0.10       5.158 0.7149
poor           0.005  0.30       4.179 0.7092
poor           0.005  0.50       3.207 0.7020
poor           0.005  0.80       1.769 0.6857
poor           0.010  0.00       10.07 0.7330
poor           0.010  0.01       9.977 0.7327
poor           0.010  0.10       9.101 0.7303
poor           0.010  0.30       7.166 0.7238
poor           0.010  0.50       5.255 0.7154
poor           0.010  0.80       2.457 0.6947
poor           0.020  0.00       18.53 0.7492
poor           0.020  0.01       18.34 0.7489
poor           0.020  0.10        16.6 0.7463
poor           0.020  0.30        12.8 0.7394
poor           0.020  0.50        9.06 0.7301
poor           0.020  0.80       3.677 0.7058
poor           0.050  0.00       41.97 0.7707
poor           0.050  0.01        41.5 0.7704
poor           0.050  0.10       37.26 0.7676
poor           0.050  0.30       28.02 0.7601
poor           0.050  0.50       19.08 0.7500
poor           0.050  0.80       6.604 0.7216
poor           0.100  0.00       77.21 0.7865
poor           0.100  0.01       76.29 0.7861
poor           0.100  0.10       68.02 0.7832
poor           0.100  0.30       50.13 0.7753
poor           0.100  0.50       33.07 0.7645
poor           0.100  0.80       10.17 0.7332
poor           0.200  0.00       139.4 0.8015
poor           0.200  0.01       137.6 0.8011
poor           0.200  0.10       121.6 0.7980
poor           0.200  0.30       87.34 0.7896
poor           0.200  0.50       55.47 0.7779
poor           0.200  0.80       14.95 0.7435
poor           0.300  0.00       194.5 0.8098
poor           0.300  0.01       191.8 0.8095
poor           0.300  0.10       168.4 0.8062
poor           0.300  0.30       118.8 0.7974
poor           0.300  0.50       73.42 0.7852
poor           0.300  0.80       18.14 0.7487
poor           0.500  0.00       291.1 0.8198
poor           0.500  0.01       286.8 0.8195
poor           0.500  0.10       249.2 0.8160
poor           0.500  0.30       170.9 0.8066
poor           0.500  0.50       101.5 0.7934
poor           0.500  0.80       22.27 0.7541
poor           1.000  0.00       485.5 0.8323
poor           1.000  0.01       477.5 0.8319
poor           1.000  0.10       407.5 0.8281
poor           1.000  0.30       266.2 0.8176
poor           1.000  0.50       147.8 0.8030
poor           1.000  0.80       27.39 0.7595
typical        0.005  0.00       49.07 0.7748
typical        0.005  0.01       48.56 0.7745
typical        0.005  0.10       43.97 0.7719
typical        0.005  0.30       33.87 0.7651
typical        0.005  0.50       23.91 0.7560
typical        0.005  0.80       9.412 0.7312
typical        0.010  0.00       95.63 0.7919
typical        0.010  0.01        94.6 0.7916
typical        0.010  0.10       85.36 0.7890
typical        0.010  0.30       65.09 0.7821
typical        0.010  0.50       45.26 0.7727
typical        0.010  0.80       16.76 0.7466
typical        0.020  0.00       186.1 0.8087
typical        0.020  0.01         184 0.8084
typical        0.020  0.10       165.3 0.8058
typical        0.020  0.30       124.7 0.7987
typical        0.020  0.50       85.24 0.7890
typical        0.020  0.80       29.71 0.7617
typical        0.050  0.00       443.6 0.8301
typical        0.050  0.01       438.3 0.8298
typical        0.050  0.10         391 0.8270
typical        0.050  0.30       288.9 0.8196
typical        0.050  0.50       191.9 0.8095
typical        0.050  0.80       60.66 0.7803
typical        0.100  0.00       843.4 0.8455
typical        0.100  0.01       832.6 0.8452
typical        0.100  0.10       736.7 0.8423
typical        0.100  0.30       532.5 0.8345
typical        0.100  0.50       342.9 0.8238
typical        0.100  0.80       98.27 0.7926
typical        0.200  0.00        1572 0.8599
typical        0.200  0.01        1550 0.8596
typical        0.200  0.10        1356 0.8565
typical        0.200  0.30       950.6 0.8483
typical        0.200  0.50       586.9 0.8369
typical        0.200  0.80       148.4 0.8030
typical        0.300  0.00        2235 0.8679
typical        0.300  0.01        2202 0.8676
typical        0.300  0.10        1909 0.8644
typical        0.300  0.30        1308 0.8557
typical        0.300  0.50       782.9 0.8437
typical        0.300  0.80       181.6 0.8081
typical        0.500  0.00        3421 0.8774
typical        0.500  0.01        3366 0.8770
typical        0.500  0.10        2879 0.8736
typical        0.500  0.30        1904 0.8643
typical        0.500  0.50        1088 0.8514
typical        0.500  0.80       224.2 0.8134
typical        1.000  0.00        5855 0.8889
typical        1.000  0.01        5744 0.8885
typical        1.000  0.10        4796 0.8847
typical        1.000  0.30        2986 0.8744
typical        1.000  0.50        1584 0.8601
typical        1.000  0.80         276 0.8185
good           0.005  0.00       526.2 0.8342
good           0.005  0.01       520.4 0.8340
good           0.005  0.10       468.2 0.8314
good           0.005  0.30       354.5 0.8247
good           0.005  0.50       244.6 0.8155
good           0.005  0.80       88.84 0.7900
good           0.010  0.00        1071 0.8511
good           0.010  0.01        1059 0.8508
good           0.010  0.10       947.9 0.8482
good           0.010  0.30       709.2 0.8414
good           0.010  0.50       481.5 0.8321
good           0.010  0.80       167.1 0.8060
good           0.020  0.00        2193 0.8675
good           0.020  0.01        2166 0.8672
good           0.020  0.10        1926 0.8646
good           0.020  0.30        1416 0.8576
good           0.020  0.50       940.5 0.8480
good           0.020  0.80       306.8 0.8211
good           0.050  0.00        5700 0.8884
good           0.050  0.01        5622 0.8881
good           0.050  0.10        4931 0.8853
good           0.050  0.30        3502 0.8779
good           0.050  0.50        2225 0.8678
good           0.050  0.80       645.7 0.8391
good           0.100  0.00   1.176e+04 0.9033
good           0.100  0.01   1.158e+04 0.9030
good           0.100  0.10        9993 0.9000
good           0.100  0.30        6819 0.8921
good           0.100  0.50        4127 0.8814
good           0.100  0.80        1059 0.8508
good           0.200  0.00   2.399e+04 0.9171
good           0.200  0.01   2.356e+04 0.9167
good           0.200  0.10   1.987e+04 0.9135
good           0.200  0.30   1.283e+04 0.9050
good           0.200  0.50        7273 0.8935
good           0.200  0.80        1602 0.8604
good           0.300  0.00   3.587e+04 0.9245
good           0.300  0.01   3.515e+04 0.9241
good           0.300  0.10   2.914e+04 0.9207
good           0.300  0.30   1.807e+04 0.9117
good           0.300  0.50        9789 0.8996
good           0.300  0.80        1952 0.8649
good           0.500  0.00   5.777e+04 0.9328
good           0.500  0.01   5.646e+04 0.9324
good           0.500  0.10   4.562e+04 0.9287
good           0.500  0.30    2.67e+04 0.9191
good           0.500  0.50   1.358e+04 0.9061
good           0.500  0.80        2385 0.8694
good           1.000  0.00   1.013e+05 0.9419
good           1.000  0.01   9.854e+04 0.9415
good           1.000  0.10    7.66e+04 0.9375
good           1.000  0.30   4.121e+04 0.9269
good           1.000  0.50   1.923e+04 0.9129
good           1.000  0.80        2885 0.8736
exceptional    0.005  0.00        7122 0.8930
exceptional    0.005  0.01        7030 0.8928
exceptional    0.005  0.10        6214 0.8902
exceptional    0.005  0.30        4514 0.8834
exceptional    0.005  0.50        2972 0.8743
exceptional    0.005  0.80       984.9 0.8491
exceptional    0.010  0.00   1.655e+04 0.9100
exceptional    0.010  0.01   1.631e+04 0.9097
exceptional    0.010  0.10   1.421e+04 0.9070
exceptional    0.010  0.30        9983 0.9000
exceptional    0.010  0.50        6324 0.8905
exceptional    0.010  0.80        1929 0.8646
exceptional    0.020  0.00   4.081e+04 0.9268
exceptional    0.020  0.01   4.012e+04 0.9265
exceptional    0.020  0.10   3.418e+04 0.9236
exceptional    0.020  0.30   2.278e+04 0.9161
exceptional    0.020  0.50   1.363e+04 0.9062
exceptional    0.020  0.80        3697 0.8791
exceptional    0.050  0.00   1.475e+05 0.9477
exceptional    0.050  0.01   1.442e+05 0.9474
exceptional    0.050  0.10    1.17e+05 0.9442
exceptional    0.050  0.30   6.997e+04 0.9360
exceptional    0.050  0.50   3.734e+04 0.9252
exceptional    0.050  0.80        8150 0.8958
exceptional    0.100  0.00   3.875e+05 0.9609
exceptional    0.100  0.01   3.768e+05 0.9605
exceptional    0.100  0.10   2.915e+05 0.9572
exceptional    0.100  0.30    1.57e+05 0.9486
exceptional    0.100  0.50   7.528e+04 0.9372
exceptional    0.100  0.80   1.351e+04 0.9060
exceptional    0.200  0.00   8.655e+05 0.9701
exceptional    0.200  0.01   8.377e+05 0.9697
exceptional    0.200  0.10   6.215e+05 0.9665
exceptional    0.200  0.30   3.055e+05 0.9578
exceptional    0.200  0.50   1.333e+05 0.9462
exceptional    0.200  0.80   1.995e+04 0.9136
exceptional    0.300  0.00   1.231e+06 0.9736
exceptional    0.300  0.01   1.189e+06 0.9732
exceptional    0.300  0.10   8.667e+05 0.9701
exceptional    0.300  0.30     4.1e+05 0.9616
exceptional    0.300  0.50   1.718e+05 0.9499
exceptional    0.300  0.80   2.365e+04 0.9168
exceptional    0.500  0.00   1.701e+06 0.9765
exceptional    0.500  0.01    1.64e+06 0.9762
exceptional    0.500  0.10   1.176e+06 0.9731
exceptional    0.500  0.30   5.379e+05 0.9648
exceptional    0.500  0.50   2.177e+05 0.9533
exceptional    0.500  0.80   2.771e+04 0.9198
exceptional    1.000  0.00   2.228e+06 0.9788
exceptional    1.000  0.01   2.145e+06 0.9785
exceptional    1.000  0.10   1.517e+06 0.9755
exceptional    1.000  0.30   6.759e+05 0.9674
exceptional    1.000  0.50   2.662e+05 0.9560
exceptional    1.000  0.80   3.174e+04 0.9222
